95,2396
95,2393
95,2390
95,2388
95,2385
95,2382
95,2381
95,2379
95,2376
95,2373
95,2372
95,2369
95,2301
95,2299
95,2296
95,2293
95,2290
95,2287
95,2285
95,2282
95,2279
95,2277
95,2275
95,2272
95,52
95,51
95,2269
95,2267
95,2264
95,2261
95,2258
95,2256
95,2253
95,2250
95,2248
95,2245
95,2242
95,2239
95,2237
95,2234
95,2231
95,2229
95,2226
95,2223
95,2221
95,2218
95,2215
95,2212
95,2210
95,2207
95,2204
95,2202
95,2199
95,2196
95,2193
95,2191
95,2188
95,2185
95,2183
95,2180
95,2177
95,2174
95,2172
95,2169
95,2166
95,2164
95,2161
95,2158
95,2156
95,2153
95,2150
95,2147
95,2145
95,2142
95,2139
95,2137
95,2134
95,2131
95,2128
95,2126
95,2123
95,2120
95,2118
95,2115
95,2112
95,2109
95,2107
95,2104
95,2101
95,2099
95,2096
95,2093
95,2090
95,2088
95,2085
95,2082
95,2080
95,2077
95,2074
95,2072
95,2069
95,2066
95,2063
95,2061
95,2058
95,2055
95,2053
95,2050
95,2047
95,2044
95,2042
95,2039
95,2036
95,2034
95,2031
95,2028
95,2027
95,2025
95,2022
95,2019
95,2017
95,2014
95,2012
95,2010
95,2007
95,2004
95,2001
95,1999
95,1996
95,1993
95,49
95,1991
95,1988
95,1985
0,571
95,48
95,1629
95,1628
95,1627
95,1626
95,1625
95,1624
95,1623
95,1622
95,1621
95,1620
95,1619
95,1618
95,1617
95,1616
95,1615
95,1614
95,1613
95,1612
95,1611
95,1610
95,1609
95,1608
95,1607
95,1606
95,1605
95,1604
95,1603
95,1602
95,1601
95,1600
0,569
95,1599
95,1598
95,1597
95,1596
95,1595
95,1594
95,1593
95,1592
95,1591
95,1590
95,1589
95,1588
95,1587
95,1586
95,1585
95,1584
95,1583
95,1582
95,1581
95,1580
95,1579
95,1578
95,1577
95,1576
95,1575
95,1574
95,1573
95,1572
95,1571
95,1570
95,1569
95,1568
95,1567
95,1566
95,1565
95,1564
95,1563
95,1562
95,1561
95,1560
95,1559
95,1558
95,1557
95,1556
95,1555
95,1554
95,1553
95,1552
95,1551
95,1550
95,1549
95,1548
95,1547
95,1546
95,1545
95,1544
95,1543
95,1542
95,1541
95,1540
95,1539
95,1538
95,1537
95,1536
95,1535
95,1534
95,1533
95,1532
95,1531
95,1530
95,1529
95,1528
95,1527
95,1526
95,1525
95,1524
95,1523
95,1522
95,1521
95,1520
95,1519
95,1518
95,1517
95,1516
95,1515
95,1514
95,1513
95,1512
95,1511
95,1510
95,1509
95,1508
95,1507
95,1506
95,1505
95,1504
95,1503
95,1502
95,1501
95,1500
95,1499
95,1498
95,1497
95,1496
95,1495
95,1494
95,1493
95,1492
95,1491
95,1490
95,1489
95,1488
95,1487
95,1486
95,1485
95,1484
95,1483
95,1482
95,1481
95,1480
95,1479
95,1478
95,1477
95,1476
95,1475
95,1474
95,1473
95,1472
95,1471
95,1470
95,1469
95,1468
95,1467
95,1466
95,1465
95,1464
95,1463
95,1462
95,1461
95,1460
95,1459
95,1458
95,1457
95,1456
95,1455
95,1454
95,1453
95,1452
95,1451
95,1450
95,1449
95,1448
95,1447
95,46
95,1446
95,1445
95,1444
95,1443
95,1442
95,1441
95,1440
95,1439
95,1438
95,1437
95,1436
95,1435
95,1434
95,1433
95,1432
95,1431
95,1430
95,1429
95,1428
95,1427
95,1426
95,1425
95,1424
95,1423
95,1422
95,1421
95,1420
95,1419
95,1418
95,1417
95,1416
95,1415
95,1414
95,1413
95,1412
95,1411
95,1410
95,1409
95,1408
95,1407
95,1406
95,1405
95,1404
95,1403
95,1402
95,1401
95,1400
95,1399
95,1398
95,1397
95,1396
95,1395
95,1394
95,1393
95,1392
95,1391
95,1390
95,1389
95,1388
95,1387
95,1386
95,1385
95,1384
95,1383
95,1382
95,1381
95,1380
95,1379
95,1378
95,1377
95,1376
95,1375
95,1374
95,1373
95,1372
95,1371
95,1370
95,1369
0,568
95,1368
95,1367
95,1366
95,1365
95,1364
95,1363
95,1362
95,1361
95,1360
95,1359
95,1358
95,1357
95,1356
95,1355
95,1354
95,1353
95,1352
95,1351
95,1350
95,1349
95,1348
95,1347
95,1346
95,1345
95,1344
95,1343
95,1342
95,1341
95,1340
95,1339
95,1338
95,1337
95,1336
95,1335
95,1334
95,1333
95,1332
95,1331
95,1330
95,1329
95,1328
95,1327
95,1326
95,1325
95,1324
95,1323
95,1322
95,1321
95,1320
95,1319
95,1318
95,1317
95,1316
95,1315
95,1314
95,1313
95,1312
95,1311
95,1310
95,1309
95,1308
95,1307
95,1306
95,1305
95,1304
95,1303
95,1302
95,1301
95,1300
95,1299
95,1298
95,1297
95,1296
95,1295
95,1294
95,1293
95,1292
95,1291
95,1290
95,1289
95,1288
95,1287
95,1286
95,1285
95,1284
95,1283
95,1282
95,1281
95,1280
95,1279
95,1278
95,1277
95,1276
95,1275
95,1274
95,1273
95,1272
95,1271
95,1270
95,1269
95,1268
95,1267
95,1266
95,1265
95,1264
95,1263
95,1262
95,1261
95,1260
95,1259
95,1258
95,1257
95,1256
95,1255
95,1254
95,1253
95,1252
95,1251
95,1250
95,1249
95,1248
95,1247
95,1246
95,1245
95,1244
95,1243
95,1242
95,1241
95,1240
95,1239
95,1238
95,1237
95,1236
95,1235
95,1234
95,1233
95,47
95,1232
95,1231
95,1230
95,1229
95,1228
95,1227
95,1226
95,1225
95,1224
95,1223
95,1222
95,1221
95,1220
95,1219
95,1218
95,1217
95,1216
95,1215
95,1214
95,1213
95,1212
95,1211
95,1210
95,1209
95,1208
95,1207
95,1206
95,1205
95,1204
95,1203
95,1202
95,1201
95,1200
95,1199
95,1198
95,1197
95,1196
95,1195
95,1194
95,1193
95,1192
95,1191
95,1190
95,1189
95,1188
95,1187
95,1186
95,1185
95,1184
95,1183
95,1182
95,1181
95,1180
95,45
95,1179
95,1178
95,1177
95,1176
95,1175
95,1174
95,1173
95,1172
95,1171
95,1170
95,1169
95,1168
95,1167
95,1166
95,1165
95,1164
95,1163
95,1162
95,1161
95,1160
95,1159
95,1158
95,1157
95,1156
95,1155
95,1154
95,1153
95,1152
95,575
95,574
95,573
95,572
95,571
95,570
95,569
95,568
95,567
95,566
95,565
95,564
95,563
95,562
95,561
95,560
95,559
95,558
95,557
95,556
95,555
95,554
95,553
95,552
95,551
95,550
95,549
95,548
95,547
95,546
95,545
95,544
95,543
95,542
95,541
95,540
95,539
95,538
95,537
95,536
95,535
95,534
95,533
95,532
95,531
95,530
95,529
95,528
95,527
95,526
95,525
95,524
95,523
95,522
95,521
95,520
95,519
95,518
95,517
95,516
95,515
95,514
95,513
95,512
95,511
95,510
95,509
95,508
95,507
95,506
95,505
95,504
95,503
95,502
95,501
95,500
95,499
95,498
95,497
95,496
95,495
95,494
95,493
95,492
95,491
95,490
95,489
95,488
95,487
95,486
95,485
95,484
95,483
95,482
95,481
95,480
95,479
95,478
95,477
95,476
95,475
95,474
95,473
95,472
95,471
95,470
95,469
95,468
95,467
95,466
95,465
95,464
95,463
95,462
95,461
95,460
95,459
95,458
95,457
95,456
95,455
95,454
95,453
95,452
95,451
95,450
95,449
95,448
95,447
95,446
95,445
95,444
95,443
95,442
95,441
95,440
95,439
95,438
95,437
95,436
95,435
95,434
95,433
95,432
95,431
95,430
95,429
95,428
95,427
95,426
95,425
95,424
95,423
95,422
95,421
95,420
95,419
95,418
95,417
95,416
95,415
95,414
95,413
95,412
95,411
95,410
95,409
95,408
95,407
95,406
95,405
95,404
95,403
95,402
95,401
95,400
95,399
95,398
95,397
95,396
95,395
95,394
95,393
95,392
95,391
95,390
95,389
95,388
95,387
95,386
95,385
95,384
95,383
95,382
95,381
95,380
95,379
